image_width: 640
image_height: 480
camera_name: narrow_stereo
camera_matrix:
  rows: 3
  cols: 3
  data: [552.42225,   0.     , 357.01555,
           0.     , 550.54953, 221.66205,
           0.     ,   0.     ,   1.     ]
distortion_model: plumb_bob
distortion_coefficients:
  rows: 1
  cols: 5
  data: [-0.392545, 0.152506, -0.002240, -0.002557, 0.000000]
rectification_matrix:
  rows: 3
  cols: 3
  data: [1., 0., 0.,
         0., 1., 0.,
         0., 0., 1.]
projection_matrix:
  rows: 3
  cols: 4
  data: [466.52829,   0.     , 367.21521,   0.     ,
           0.     , 502.80045, 216.76655,   0.     ,
           0.     ,   0.     ,   1.     ,   0.     ]
